5.1 7056.66
5.11022 7105.58
5.12044 7159.07
5.13066 7216.74
5.14088 7278.19
5.1511 7343.02
5.16132 7410.82
5.17154 7481.23
5.18176 7553.96
5.19198 7628.54
5.2022 7704.66
5.21242 7782.08
5.22265 7860.39
5.23287 7939.3
5.24309 8018.63
5.25331 8098.02
5.26353 8177.26
5.27375 8256.08
5.28397 8334.48
5.29419 8412.05
5.30441 8488.67
5.31463 8564.35
5.32485 8638.8
5.33507 8711.98
5.34529 8783.75
5.35551 8854.02
5.36573 8922.65
5.37595 8989.55
5.38617 9054.58
5.39639 9117.64
5.40661 9178.61
5.41683 9237.37
5.42705 9293.81
5.43727 9347.82
5.44749 9399.27
5.45772 9448.05
5.46794 9494.05
5.47816 9537.16
5.48838 9577.24
5.4986 9614.2
5.50882 9647.91
5.51904 9678.27
5.52926 9705.14
5.53948 9728.42
5.5497 9748
5.55992 9763.75
5.57014 9775.57
5.58036 9783.33
5.59058 9786.92
5.6008 9786.23
5.61102 9781.13
5.62124 9771.52
5.63146 9757.28
5.64168 9738.29
5.6519 9714.44
5.66212 9685.61
5.67234 9651.68
5.68257 9612.55
5.69279 9568.09
5.70301 9518.2
5.71323 9462.74
5.72345 9401.62
5.73367 9334.71
5.74389 9261.9
5.75411 9183.06
5.76433 9098.1
5.77455 9006.89
5.78477 8909.31
5.79499 8805.25
5.80521 8694.6
5.81543 8577.24
5.82565 8453.05
5.83587 8321.92
5.84609 8183.73
5.85631 8038.37
5.86653 7885.72
5.87675 7725.66
5.88697 7558.09
5.89719 7382.88
5.90741 7199.92
5.91764 7009.1
5.92786 6810.29
5.93808 6603.39
5.9483 6388.27
5.95852 6164.83
5.96874 5932.94
5.97896 5692.5
5.98918 5443.37
5.9994 5185.46
6.00962 4918.65
6.01984 4642.81
6.03006 4357.84
6.04028 4063.61
6.0505 3760.02
6.06072 3446.94
6.07094 3124.26
6.08116 2791.87
6.09138 2449.65
6.1016 2097.49
6.11182 1735.26
6.12204 1362.86
6.13226 980.167
6.14248 587.066
6.15271 183.443
6.16293 -230.819
6.17315 -655.835
6.18337 -1091.72
6.19359 -1538.59
6.20381 -1996.56
6.21403 -2465.75
6.22425 -2946.26
6.23447 -3438.23
6.24469 -3941.76
6.25491 -4456.96
6.26513 -4983.96
6.27535 -5522.87
6.28557 -6073.8
6.29579 -6636.87
6.30601 -7212.2
6.31623 -7799.9
6.32645 -8400.08
6.33667 -9012.87
6.34689 -9638.37
6.35711 -10276.7
6.36733 -10928
6.37756 -11592.3
6.38778 -12269.9
6.398 -12960.7
6.40822 -13664.9
6.41844 -14382.7
6.42866 -15114.1
6.43888 -15859.3
6.4491 -16618.3
6.45932 -17391.3
6.46954 -18178.4
6.47976 -18979.8
6.48998 -19795.5
6.5002 -20625.6
6.51042 -21470.3
6.52064 -22329.7
6.53086 -23203.8
6.54108 -24092.9
6.5513 -24997
6.56152 -25916.3
6.57174 -26850.8
6.58196 -27800.7
6.59218 -28766.1
6.6024 -29747.1
6.61263 -30743.8
6.62285 -31756.3
6.63307 -32784.8
6.64329 -33829.4
6.65351 -34890.1
6.66373 -35967.2
6.67395 -37060.6
6.68417 -38170.6
6.69439 -39297.2
6.70461 -40440.6
6.71483 -41600.9
6.72505 -42778.2
6.73527 -43972.5
6.74549 -45184.1
6.75571 -46413.1
6.76593 -47659.4
6.77615 -48923.4
6.78637 -50205
6.79659 -51504.5
6.80681 -52821.8
6.81703 -54157.2
6.82725 -55510.7
6.83747 -56882.5
6.8477 -58272.7
6.85792 -59681.4
6.86814 -61108.6
6.87836 -62554.6
6.88858 -64019.5
6.8988 -65503.3
6.90902 -67006.1
6.91924 -68528.2
6.92946 -70069.5
6.93968 -71630.3
6.9499 -73210.6
6.96012 -74810.5
6.97034 -76430.2
6.98056 -78069.8
6.99078 -79729.4
7.001 -81409.1
7.01122 -83109
7.02144 -84829.3
7.03166 -86570
7.04188 -88331.3
7.0521 -90113.3
7.06232 -91916.1
7.07255 -93739.8
7.08277 -95584.5
7.09299 -97450.4
7.10321 -99337.6
7.11343 -101246
7.12365 -103176
7.13387 -105128
7.14409 -107101
7.15431 -109096
7.16453 -111114
7.17475 -113153
7.18497 -115214
7.19519 -117298
7.20541 -119404
7.21563 -121533
7.22585 -123684
7.23607 -125858
7.24629 -128055
7.25651 -130275
7.26673 -132518
7.27695 -134785
7.28717 -137075
7.29739 -139388
7.30762 -141724
7.31784 -144085
7.32806 -146469
7.33828 -148877
7.3485 -151309
7.35872 -153766
7.36894 -156246
7.37916 -158751
7.38938 -161281
7.3996 -163835
7.40982 -166414
7.42004 -169017
7.43026 -171646
7.44048 -174300
7.4507 -176979
7.46092 -179683
7.47114 -182413
7.48136 -185168
7.49158 -187949
7.5018 -190755
7.51202 -193588
7.52224 -196446
7.53246 -199331
7.54269 -202242
7.55291 -205179
7.56313 -208143
7.57335 -211133
7.58357 -214150
7.59379 -217194
7.60401 -220264
7.61423 -223362
7.62445 -226487
7.63467 -229639
7.64489 -232819
7.65511 -236026
7.66533 -239260
7.67555 -242523
7.68577 -245813
7.69599 -249131
7.70621 -252477
7.71643 -255852
7.72665 -259255
7.73687 -262686
7.74709 -266146
7.75731 -269634
7.76754 -273151
7.77776 -276697
7.78798 -280272
7.7982 -283877
7.80842 -287510
7.81864 -291173
7.82886 -294865
7.83908 -298587
7.8493 -302339
7.85952 -306120
7.86974 -309931
7.87996 -313773
7.89018 -317644
7.9004 -321546
7.91062 -325478
7.92084 -329441
7.93106 -333434
7.94128 -337458
7.9515 -341513
7.96172 -345599
7.97194 -349716
7.98216 -353864
7.99238 -358043
8.00261 -362254
8.01283 -366497
8.02305 -370771
8.03327 -375077
8.04349 -379414
8.05371 -383784
8.06393 -388186
8.07415 -392620
8.08437 -397087
8.09459 -401586
8.10481 -406117
8.11503 -410681
8.12525 -415278
8.13547 -419908
8.14569 -424571
8.15591 -429268
8.16613 -433997
8.17635 -438760
8.18657 -443556
8.19679 -448386
8.20701 -453250
8.21723 -458148
8.22745 -463079
8.23768 -468045
8.2479 -473045
8.25812 -478079
8.26834 -483148
8.27856 -488251
8.28878 -493389
8.299 -498562
8.30922 -503769
8.31944 -509012
8.32966 -514289
8.33988 -519602
8.3501 -524950
8.36032 -530334
8.37054 -535753
8.38076 -541209
8.39098 -546699
8.4012 -552226
8.41142 -557789
8.42164 -563388
8.43186 -569023
8.44208 -574695
8.4523 -580403
8.46253 -586148
8.47275 -591930
8.48297 -597748
8.49319 -603603
8.50341 -609496
8.51363 -615426
8.52385 -621393
8.53407 -627397
8.54429 -633439
8.55451 -639519
8.56473 -645636
8.57495 -651792
8.58517 -657985
8.59539 -664217
8.60561 -670486
8.61583 -676795
8.62605 -683141
8.63627 -689526
8.64649 -695950
8.65671 -702413
8.66693 -708915
8.67715 -715455
8.68737 -722035
8.6976 -728654
8.70782 -735313
8.71804 -742011
8.72826 -748749
8.73848 -755526
8.7487 -762344
8.75892 -769201
8.76914 -776098
8.77936 -783036
8.78958 -790014
8.7998 -797032
8.81002 -804091
8.82024 -811191
8.83046 -818331
8.84068 -825513
8.8509 -832735
8.86112 -839999
8.87134 -847303
8.88156 -854649
8.89178 -862037
8.902 -869466
8.91222 -876937
8.92244 -884450
8.93267 -892004
8.94289 -899601
8.95311 -907240
8.96333 -914921
8.97355 -922645
8.98377 -930411
8.99399 -938219
9.00421 -946071
9.01443 -953965
9.02465 -961902
9.03487 -969883
9.04509 -977907
9.05531 -985973
9.06553 -994084
9.07575 -1.00224e+06
9.08597 -1.01044e+06
9.09619 -1.01868e+06
9.10641 -1.02696e+06
9.11663 -1.03529e+06
9.12685 -1.04367e+06
9.13707 -1.05208e+06
9.14729 -1.06054e+06
9.15752 -1.06905e+06
9.16774 -1.0776e+06
9.17796 -1.0862e+06
9.18818 -1.09484e+06
9.1984 -1.10353e+06
9.20862 -1.11226e+06
9.21884 -1.12103e+06
9.22906 -1.12985e+06
9.23928 -1.13872e+06
9.2495 -1.14763e+06
9.25972 -1.15659e+06
9.26994 -1.16559e+06
9.28016 -1.17464e+06
9.29038 -1.18374e+06
9.3006 -1.19288e+06
9.31082 -1.20207e+06
9.32104 -1.2113e+06
9.33126 -1.22058e+06
9.34148 -1.22991e+06
9.3517 -1.23928e+06
9.36192 -1.2487e+06
9.37214 -1.25817e+06
9.38236 -1.26769e+06
9.39259 -1.27725e+06
9.40281 -1.28686e+06
9.41303 -1.29651e+06
9.42325 -1.30622e+06
9.43347 -1.31597e+06
9.44369 -1.32577e+06
9.45391 -1.33561e+06
9.46413 -1.34551e+06
9.47435 -1.35545e+06
9.48457 -1.36544e+06
9.49479 -1.37548e+06
9.50501 -1.38557e+06
9.51523 -1.39571e+06
9.52545 -1.40589e+06
9.53567 -1.41612e+06
9.54589 -1.42641e+06
9.55611 -1.43674e+06
9.56633 -1.44712e+06
9.57655 -1.45755e+06
9.58677 -1.46803e+06
9.59699 -1.47856e+06
9.60721 -1.48913e+06
9.61743 -1.49976e+06
9.62766 -1.51044e+06
9.63788 -1.52117e+06
9.6481 -1.53195e+06
9.65832 -1.54277e+06
9.66854 -1.55365e+06
9.67876 -1.56458e+06
9.68898 -1.57556e+06
9.6992 -1.58659e+06
9.70942 -1.59767e+06
9.71964 -1.6088e+06
9.72986 -1.61998e+06
9.74008 -1.63122e+06
9.7503 -1.6425e+06
9.76052 -1.65384e+06
9.77074 -1.66522e+06
9.78096 -1.67666e+06
9.79118 -1.68815e+06
9.8014 -1.69969e+06
9.81162 -1.71129e+06
9.82184 -1.72293e+06
9.83206 -1.73463e+06
9.84228 -1.74638e+06
9.85251 -1.75818e+06
9.86273 -1.77004e+06
9.87295 -1.78195e+06
9.88317 -1.79391e+06
9.89339 -1.80592e+06
9.90361 -1.81798e+06
9.91383 -1.8301e+06
9.92405 -1.84228e+06
9.93427 -1.8545e+06
9.94449 -1.86678e+06
9.95471 -1.87911e+06
9.96493 -1.8915e+06
9.97515 -1.90394e+06
9.98537 -1.91643e+06
9.99559 -1.92898e+06
10.0058 -1.94158e+06
10.016 -1.95424e+06
10.0263 -1.96695e+06
10.0365 -1.97971e+06
10.0467 -1.99253e+06
10.0569 -2.0054e+06
10.0671 -2.01833e+06
10.0774 -2.03131e+06
10.0876 -2.04435e+06
10.0978 -2.05745e+06
10.108 -2.07059e+06
10.1182 -2.0838e+06
10.1285 -2.09706e+06
10.1387 -2.11037e+06
10.1489 -2.12374e+06
10.1591 -2.13717e+06
10.1693 -2.15065e+06
10.1796 -2.16419e+06
10.1898 -2.17778e+06
10.2 -2.19144e+06
