100 1.25042e+13
109.82 1.01344e+13
119.639 7.98597e+12
129.459 6.04578e+12
139.279 4.30133e+12
149.098 2.74063e+12
158.918 1.35211e+12
168.737 1.24256e+11
178.557 -9.54398e+11
188.377 -1.89534e+12
198.196 -2.71006e+12
208.016 -3.41004e+12
217.836 -4.00676e+12
227.655 -4.5117e+12
237.475 -4.93637e+12
247.295 -5.29223e+12
257.114 -5.59077e+12
266.934 -5.84348e+12
276.754 -6.06184e+12
286.573 -6.25734e+12
296.393 -6.44146e+12
306.212 -6.62568e+12
316.032 -6.8215e+12
325.852 -7.04039e+12
335.671 -7.29385e+12
345.491 -7.59335e+12
355.311 -7.95037e+12
365.13 -8.37642e+12
374.95 -8.88296e+12
384.77 -9.48149e+12
394.589 -1.01835e+13
404.409 -1.10004e+13
414.228 -1.19438e+13
424.048 -1.30251e+13
433.868 -1.42558e+13
443.687 -1.56475e+13
453.507 -1.72114e+13
463.327 -1.89593e+13
473.146 -2.09025e+13
482.966 -2.30525e+13
492.786 -2.54208e+13
502.605 -2.8019e+13
512.425 -3.08584e+13
522.244 -3.39506e+13
532.064 -3.73071e+13
541.884 -4.09393e+13
551.703 -4.48587e+13
561.523 -4.90768e+13
571.343 -5.36051e+13
581.162 -5.84551e+13
590.982 -6.36383e+13
600.802 -6.91661e+13
610.621 -7.505e+13
620.441 -8.13016e+13
630.261 -8.79323e+13
640.08 -9.49535e+13
649.9 -1.02377e+14
659.719 -1.10214e+14
669.539 -1.18476e+14
679.359 -1.27174e+14
689.178 -1.36321e+14
698.998 -1.45926e+14
708.818 -1.56003e+14
718.637 -1.66563e+14
728.457 -1.77616e+14
738.277 -1.89175e+14
748.096 -2.01251e+14
757.916 -2.13855e+14
767.735 -2.26999e+14
777.555 -2.40694e+14
787.375 -2.54952e+14
797.194 -2.69785e+14
807.014 -2.85203e+14
816.834 -3.01219e+14
826.653 -3.17843e+14
836.473 -3.35088e+14
846.293 -3.52965e+14
856.112 -3.71485e+14
865.932 -3.90659e+14
875.752 -4.105e+14
885.571 -4.31018e+14
895.391 -4.52226e+14
905.21 -4.74134e+14
915.03 -4.96755e+14
924.85 -5.20099e+14
934.669 -5.44178e+14
944.489 -5.69004e+14
954.309 -5.94588e+14
964.128 -6.20941e+14
973.948 -6.48076e+14
983.768 -6.76003e+14
993.587 -7.04734e+14
1003.41 -7.34281e+14
1013.23 -7.64655e+14
1023.05 -7.95867e+14
1032.87 -8.27929e+14
1042.69 -8.60853e+14
1052.51 -8.9465e+14
1062.32 -9.29331e+14
1072.14 -9.64908e+14
1081.96 -1.00139e+15
1091.78 -1.0388e+15
1101.6 -1.07713e+15
1111.42 -1.1164e+15
1121.24 -1.15663e+15
1131.06 -1.19783e+15
1140.88 -1.24e+15
1150.7 -1.28315e+15
1160.52 -1.32731e+15
1170.34 -1.37248e+15
1180.16 -1.41867e+15
1189.98 -1.46589e+15
1199.8 -1.51416e+15
1209.62 -1.56349e+15
1219.44 -1.61388e+15
1229.26 -1.66535e+15
1239.08 -1.71792e+15
1248.9 -1.77159e+15
1258.72 -1.82637e+15
1268.54 -1.88228e+15
1278.36 -1.93932e+15
1288.18 -1.99751e+15
1298 -2.05686e+15
1307.82 -2.11739e+15
1317.64 -2.1791e+15
1327.45 -2.242e+15
1337.27 -2.30611e+15
1347.09 -2.37143e+15
1356.91 -2.43799e+15
1366.73 -2.50578e+15
1376.55 -2.57483e+15
1386.37 -2.64514e+15
1396.19 -2.71672e+15
1406.01 -2.78959e+15
1415.83 -2.86376e+15
1425.65 -2.93924e+15
1435.47 -3.01604e+15
1445.29 -3.09417e+15
1455.11 -3.17365e+15
1464.93 -3.25448e+15
1474.75 -3.33668e+15
1484.57 -3.42025e+15
1494.39 -3.50522e+15
1504.21 -3.59159e+15
1514.03 -3.67937e+15
1523.85 -3.76857e+15
1533.67 -3.85921e+15
1543.49 -3.9513e+15
1553.31 -4.04484e+15
1563.13 -4.13986e+15
1572.95 -4.23636e+15
1582.77 -4.33435e+15
1592.59 -4.43384e+15
1602.4 -4.53485e+15
1612.22 -4.63739e+15
1622.04 -4.74147e+15
1631.86 -4.8471e+15
1641.68 -4.95429e+15
1651.5 -5.06305e+15
1661.32 -5.1734e+15
1671.14 -5.28535e+15
1680.96 -5.3989e+15
1690.78 -5.51407e+15
1700.6 -5.63088e+15
1710.42 -5.74932e+15
1720.24 -5.86942e+15
1730.06 -5.99119e+15
1739.88 -6.11463e+15
1749.7 -6.23976e+15
1759.52 -6.36659e+15
1769.34 -6.49513e+15
1779.16 -6.6254e+15
1788.98 -6.7574e+15
1798.8 -6.89114e+15
1808.62 -7.02664e+15
1818.44 -7.16391e+15
1828.26 -7.30297e+15
1838.08 -7.44381e+15
1847.9 -7.58645e+15
1857.72 -7.73091e+15
1867.54 -7.8772e+15
1877.35 -8.02533e+15
1887.17 -8.1753e+15
1896.99 -8.32713e+15
1906.81 -8.48084e+15
1916.63 -8.63643e+15
1926.45 -8.79391e+15
1936.27 -8.95331e+15
1946.09 -9.11462e+15
1955.91 -9.27786e+15
1965.73 -9.44304e+15
1975.55 -9.61017e+15
1985.37 -9.77927e+15
1995.19 -9.95034e+15
2005.01 -1.01234e+16
2014.83 -1.02985e+16
2024.65 -1.04755e+16
2034.47 -1.06546e+16
2044.29 -1.08357e+16
2054.11 -1.10189e+16
2063.93 -1.12041e+16
2073.75 -1.13914e+16
2083.57 -1.15808e+16
2093.39 -1.17722e+16
2103.21 -1.19658e+16
2113.03 -1.21615e+16
2122.85 -1.23593e+16
2132.67 -1.25592e+16
2142.48 -1.27613e+16
2152.3 -1.29655e+16
2162.12 -1.31719e+16
2171.94 -1.33805e+16
2181.76 -1.35913e+16
2191.58 -1.38043e+16
2201.4 -1.40195e+16
2211.22 -1.4237e+16
2221.04 -1.44566e+16
2230.86 -1.46786e+16
2240.68 -1.49028e+16
2250.5 -1.51292e+16
2260.32 -1.5358e+16
2270.14 -1.5589e+16
2279.96 -1.58224e+16
2289.78 -1.60581e+16
2299.6 -1.62961e+16
2309.42 -1.65364e+16
2319.24 -1.67791e+16
2329.06 -1.70242e+16
2338.88 -1.72717e+16
2348.7 -1.75215e+16
2358.52 -1.77737e+16
2368.34 -1.80284e+16
2378.16 -1.82855e+16
2387.98 -1.8545e+16
2397.8 -1.88069e+16
2407.62 -1.90713e+16
2417.43 -1.93382e+16
2427.25 -1.96076e+16
2437.07 -1.98794e+16
2446.89 -2.01538e+16
2456.71 -2.04307e+16
2466.53 -2.07101e+16
2476.35 -2.0992e+16
2486.17 -2.12765e+16
2495.99 -2.15635e+16
2505.81 -2.18532e+16
2515.63 -2.21454e+16
2525.45 -2.24402e+16
2535.27 -2.27376e+16
2545.09 -2.30376e+16
2554.91 -2.33403e+16
2564.73 -2.36456e+16
2574.55 -2.39535e+16
2584.37 -2.42641e+16
2594.19 -2.45774e+16
2604.01 -2.48934e+16
2613.83 -2.52121e+16
2623.65 -2.55335e+16
2633.47 -2.58576e+16
2643.29 -2.61845e+16
2653.11 -2.6514e+16
2662.93 -2.68464e+16
2672.75 -2.71815e+16
2682.57 -2.75194e+16
2692.38 -2.78601e+16
2702.2 -2.82036e+16
2712.02 -2.85499e+16
2721.84 -2.8899e+16
2731.66 -2.9251e+16
2741.48 -2.96058e+16
2751.3 -2.99635e+16
2761.12 -3.0324e+16
2770.94 -3.06874e+16
2780.76 -3.10538e+16
2790.58 -3.1423e+16
2800.4 -3.17951e+16
2810.22 -3.21702e+16
2820.04 -3.25482e+16
2829.86 -3.29292e+16
2839.68 -3.33131e+16
2849.5 -3.37e+16
2859.32 -3.40899e+16
2869.14 -3.44828e+16
2878.96 -3.48787e+16
2888.78 -3.52776e+16
2898.6 -3.56795e+16
2908.42 -3.60845e+16
2918.24 -3.64926e+16
2928.06 -3.69037e+16
2937.88 -3.73179e+16
2947.7 -3.77352e+16
2957.52 -3.81555e+16
2967.33 -3.8579e+16
2977.15 -3.90057e+16
2986.97 -3.94354e+16
2996.79 -3.98683e+16
3006.61 -4.03044e+16
3016.43 -4.07436e+16
3026.25 -4.1186e+16
3036.07 -4.16316e+16
3045.89 -4.20804e+16
3055.71 -4.25324e+16
3065.53 -4.29877e+16
3075.35 -4.34462e+16
3085.17 -4.39079e+16
3094.99 -4.43729e+16
3104.81 -4.48412e+16
3114.63 -4.53128e+16
3124.45 -4.57876e+16
3134.27 -4.62658e+16
3144.09 -4.67473e+16
3153.91 -4.72321e+16
3163.73 -4.77202e+16
3173.55 -4.82117e+16
3183.37 -4.87066e+16
3193.19 -4.92049e+16
3203.01 -4.97065e+16
3212.83 -5.02115e+16
3222.65 -5.072e+16
3232.46 -5.12319e+16
3242.28 -5.17472e+16
3252.1 -5.22659e+16
3261.92 -5.27881e+16
3271.74 -5.33138e+16
3281.56 -5.3843e+16
3291.38 -5.43756e+16
3301.2 -5.49118e+16
3311.02 -5.54514e+16
3320.84 -5.59946e+16
3330.66 -5.65413e+16
3340.48 -5.70916e+16
3350.3 -5.76455e+16
3360.12 -5.82029e+16
3369.94 -5.87639e+16
3379.76 -5.93284e+16
3389.58 -5.98966e+16
3399.4 -6.04685e+16
3409.22 -6.10439e+16
3419.04 -6.1623e+16
3428.86 -6.22057e+16
3438.68 -6.27921e+16
3448.5 -6.33822e+16
3458.32 -6.39759e+16
3468.14 -6.45734e+16
3477.96 -6.51746e+16
3487.78 -6.57795e+16
3497.6 -6.63881e+16
3507.41 -6.70005e+16
3517.23 -6.76166e+16
3527.05 -6.82365e+16
3536.87 -6.88601e+16
3546.69 -6.94876e+16
3556.51 -7.01188e+16
3566.33 -7.07539e+16
3576.15 -7.13928e+16
3585.97 -7.20355e+16
3595.79 -7.26821e+16
3605.61 -7.33326e+16
3615.43 -7.39869e+16
3625.25 -7.46451e+16
3635.07 -7.53072e+16
3644.89 -7.59731e+16
3654.71 -7.6643e+16
3664.53 -7.73169e+16
3674.35 -7.79947e+16
3684.17 -7.86764e+16
3693.99 -7.93621e+16
3703.81 -8.00517e+16
3713.63 -8.07454e+16
3723.45 -8.1443e+16
3733.27 -8.21447e+16
3743.09 -8.28503e+16
3752.91 -8.356e+16
3762.73 -8.42738e+16
3772.55 -8.49916e+16
3782.36 -8.57134e+16
3792.18 -8.64394e+16
3802 -8.71694e+16
3811.82 -8.79035e+16
3821.64 -8.86418e+16
3831.46 -8.93842e+16
3841.28 -9.01307e+16
3851.1 -9.08813e+16
3860.92 -9.16361e+16
3870.74 -9.23951e+16
3880.56 -9.31582e+16
3890.38 -9.39256e+16
3900.2 -9.46971e+16
3910.02 -9.54729e+16
3919.84 -9.62529e+16
3929.66 -9.70371e+16
3939.48 -9.78256e+16
3949.3 -9.86183e+16
3959.12 -9.94153e+16
3968.94 -1.00217e+17
3978.76 -1.01022e+17
3988.58 -1.01832e+17
3998.4 -1.02646e+17
4008.22 -1.03465e+17
4018.04 -1.04288e+17
4027.86 -1.05115e+17
4037.68 -1.05947e+17
4047.49 -1.06783e+17
4057.31 -1.07623e+17
4067.13 -1.08468e+17
4076.95 -1.09317e+17
4086.77 -1.1017e+17
4096.59 -1.11029e+17
4106.41 -1.11891e+17
4116.23 -1.12758e+17
4126.05 -1.13629e+17
4135.87 -1.14505e+17
4145.69 -1.15386e+17
4155.51 -1.1627e+17
4165.33 -1.1716e+17
4175.15 -1.18054e+17
4184.97 -1.18952e+17
4194.79 -1.19855e+17
4204.61 -1.20763e+17
4214.43 -1.21675e+17
4224.25 -1.22592e+17
4234.07 -1.23513e+17
4243.89 -1.24439e+17
4253.71 -1.25369e+17
4263.53 -1.26304e+17
4273.35 -1.27244e+17
4283.17 -1.28189e+17
4292.99 -1.29138e+17
4302.81 -1.30092e+17
4312.63 -1.3105e+17
4322.44 -1.32013e+17
4332.26 -1.32981e+17
4342.08 -1.33954e+17
4351.9 -1.34931e+17
4361.72 -1.35913e+17
4371.54 -1.369e+17
4381.36 -1.37891e+17
4391.18 -1.38888e+17
4401 -1.39889e+17
4410.82 -1.40895e+17
4420.64 -1.41906e+17
4430.46 -1.42921e+17
4440.28 -1.43942e+17
4450.1 -1.44967e+17
4459.92 -1.45997e+17
4469.74 -1.47032e+17
4479.56 -1.48072e+17
4489.38 -1.49117e+17
4499.2 -1.50167e+17
4509.02 -1.51221e+17
4518.84 -1.52281e+17
4528.66 -1.53345e+17
4538.48 -1.54415e+17
4548.3 -1.55489e+17
4558.12 -1.56568e+17
4567.94 -1.57653e+17
4577.76 -1.58742e+17
4587.58 -1.59836e+17
4597.39 -1.60936e+17
4607.21 -1.6204e+17
4617.03 -1.63149e+17
4626.85 -1.64264e+17
4636.67 -1.65383e+17
4646.49 -1.66508e+17
4656.31 -1.67638e+17
4666.13 -1.68773e+17
4675.95 -1.69912e+17
4685.77 -1.71057e+17
4695.59 -1.72208e+17
4705.41 -1.73363e+17
4715.23 -1.74523e+17
4725.05 -1.75689e+17
4734.87 -1.7686e+17
4744.69 -1.78036e+17
4754.51 -1.79217e+17
4764.33 -1.80404e+17
4774.15 -1.81595e+17
4783.97 -1.82792e+17
4793.79 -1.83994e+17
4803.61 -1.85202e+17
4813.43 -1.86414e+17
4823.25 -1.87632e+17
4833.07 -1.88856e+17
4842.89 -1.90084e+17
4852.71 -1.91318e+17
4862.53 -1.92557e+17
4872.34 -1.93802e+17
4882.16 -1.95052e+17
4891.98 -1.96307e+17
4901.8 -1.97568e+17
4911.62 -1.98834e+17
4921.44 -2.00105e+17
4931.26 -2.01382e+17
4941.08 -2.02664e+17
4950.9 -2.03952e+17
4960.72 -2.05245e+17
4970.54 -2.06543e+17
4980.36 -2.07848e+17
4990.18 -2.09157e+17
5000 -2.10472e+17
