5 6904.79
5.0101 6887.46
5.0202 6878.48
5.0303 6877.5
5.0404 6884.04
5.05051 6897.84
5.06061 6918.47
5.07071 6945.51
5.08081 6978.6
5.09091 7017.32
5.10101 7061.28
5.11111 7110.06
5.12121 7163.29
5.13131 7220.55
5.14141 7281.49
5.15152 7345.7
5.16162 7412.81
5.17172 7482.44
5.18182 7554.35
5.19192 7628.06
5.20202 7703.27
5.21212 7779.76
5.22222 7857.13
5.23232 7935.1
5.24242 8013.49
5.25253 8091.96
5.26263 8170.29
5.27273 8248.24
5.28283 8325.78
5.29293 8402.54
5.30303 8478.4
5.31313 8553.33
5.32323 8627.1
5.33333 8699.64
5.34343 8770.83
5.35354 8840.56
5.36364 8908.72
5.37374 8975.21
5.38384 9039.9
5.39394 9102.69
5.40404 9163.46
5.41414 9222.11
5.42424 9278.52
5.43434 9332.58
5.44444 9384.18
5.45455 9433.21
5.46465 9479.56
5.47475 9523.11
5.48485 9563.75
5.49495 9601.38
5.50505 9635.87
5.51515 9667.13
5.52525 9695.03
5.53535 9719.47
5.54545 9740.33
5.55556 9757.5
5.56566 9770.88
5.57576 9780.34
5.58586 9785.79
5.59596 9787.1
5.60606 9784.16
5.61616 9776.87
5.62626 9765.11
5.63636 9748.77
5.64646 9727.74
5.65657 9701.91
5.66667 9671.17
5.67677 9635.4
5.68687 9594.49
5.69697 9548.33
5.70707 9496.81
5.71717 9439.83
5.72727 9377.26
5.73737 9308.99
5.74747 9234.92
5.75758 9154.93
5.76768 9068.91
5.77778 8976.76
5.78788 8878.34
5.79798 8773.57
5.80808 8662.32
5.81818 8544.49
5.82828 8419.95
5.83838 8288.61
5.84848 8150.35
5.85859 8005.05
5.86869 7852.61
5.87879 7692.91
5.88889 7525.85
5.89899 7351.3
5.90909 7169.17
5.91919 6979.34
5.92929 6781.69
5.93939 6576.12
5.94949 6362.51
5.9596 6140.75
5.9697 5910.73
5.9798 5672.35
5.9899 5425.48
6 5170.02
