5.1 4.95767e+13
5.11022 4.9571e+13
5.12044 4.95654e+13
5.13066 4.95598e+13
5.14088 4.95542e+13
5.1511 4.95486e+13
5.16132 4.95429e+13
5.17154 4.95373e+13
5.18176 4.95317e+13
5.19198 4.95261e+13
5.2022 4.95205e+13
5.21242 4.95148e+13
5.22265 4.95092e+13
5.23287 4.95036e+13
5.24309 4.9498e+13
5.25331 4.94924e+13
5.26353 4.94867e+13
5.27375 4.94811e+13
5.28397 4.94755e+13
5.29419 4.94699e+13
5.30441 4.94643e+13
5.31463 4.94587e+13
5.32485 4.9453e+13
5.33507 4.94474e+13
5.34529 4.94418e+13
5.35551 4.94362e+13
5.36573 4.94306e+13
5.37595 4.9425e+13
5.38617 4.94194e+13
5.39639 4.94137e+13
5.40661 4.94081e+13
5.41683 4.94025e+13
5.42705 4.93969e+13
5.43727 4.93913e+13
5.44749 4.93857e+13
5.45772 4.93801e+13
5.46794 4.93745e+13
5.47816 4.93689e+13
5.48838 4.93633e+13
5.4986 4.93576e+13
5.50882 4.9352e+13
5.51904 4.93464e+13
5.52926 4.93408e+13
5.53948 4.93352e+13
5.5497 4.93296e+13
5.55992 4.9324e+13
5.57014 4.93184e+13
5.58036 4.93128e+13
5.59058 4.93072e+13
5.6008 4.93016e+13
5.61102 4.9296e+13
5.62124 4.92904e+13
5.63146 4.92848e+13
5.64168 4.92792e+13
5.6519 4.92736e+13
5.66212 4.9268e+13
5.67234 4.92624e+13
5.68257 4.92568e+13
5.69279 4.92512e+13
5.70301 4.92456e+13
5.71323 4.924e+13
5.72345 4.92344e+13
5.73367 4.92288e+13
5.74389 4.92232e+13
5.75411 4.92176e+13
5.76433 4.9212e+13
5.77455 4.92064e+13
5.78477 4.92008e+13
5.79499 4.91952e+13
5.80521 4.91896e+13
5.81543 4.9184e+13
5.82565 4.91784e+13
5.83587 4.91728e+13
5.84609 4.91672e+13
5.85631 4.91616e+13
5.86653 4.9156e+13
5.87675 4.91504e+13
5.88697 4.91448e+13
5.89719 4.91392e+13
5.90741 4.91336e+13
5.91764 4.9128e+13
5.92786 4.91224e+13
5.93808 4.91169e+13
5.9483 4.91113e+13
5.95852 4.91057e+13
5.96874 4.91001e+13
5.97896 4.90945e+13
5.98918 4.90889e+13
5.9994 4.90833e+13
6.00962 4.90777e+13
6.01984 4.90721e+13
6.03006 4.90666e+13
6.04028 4.9061e+13
6.0505 4.90554e+13
6.06072 4.90498e+13
6.07094 4.90442e+13
6.08116 4.90386e+13
6.09138 4.9033e+13
6.1016 4.90274e+13
6.11182 4.90219e+13
6.12204 4.90163e+13
6.13226 4.90107e+13
6.14248 4.90051e+13
6.15271 4.89995e+13
6.16293 4.89939e+13
6.17315 4.89884e+13
6.18337 4.89828e+13
6.19359 4.89772e+13
6.20381 4.89716e+13
6.21403 4.8966e+13
6.22425 4.89605e+13
6.23447 4.89549e+13
6.24469 4.89493e+13
6.25491 4.89437e+13
6.26513 4.89381e+13
6.27535 4.89326e+13
6.28557 4.8927e+13
6.29579 4.89214e+13
6.30601 4.89158e+13
6.31623 4.89103e+13
6.32645 4.89047e+13
6.33667 4.88991e+13
6.34689 4.88935e+13
6.35711 4.8888e+13
6.36733 4.88824e+13
6.37756 4.88768e+13
6.38778 4.88712e+13
6.398 4.88657e+13
6.40822 4.88601e+13
6.41844 4.88545e+13
6.42866 4.88489e+13
6.43888 4.88434e+13
6.4491 4.88378e+13
6.45932 4.88322e+13
6.46954 4.88267e+13
6.47976 4.88211e+13
6.48998 4.88155e+13
6.5002 4.88099e+13
6.51042 4.88044e+13
6.52064 4.87988e+13
6.53086 4.87932e+13
6.54108 4.87877e+13
6.5513 4.87821e+13
6.56152 4.87765e+13
6.57174 4.8771e+13
6.58196 4.87654e+13
6.59218 4.87598e+13
6.6024 4.87543e+13
6.61263 4.87487e+13
6.62285 4.87431e+13
6.63307 4.87376e+13
6.64329 4.8732e+13
6.65351 4.87265e+13
6.66373 4.87209e+13
6.67395 4.87153e+13
6.68417 4.87098e+13
6.69439 4.87042e+13
6.70461 4.86986e+13
6.71483 4.86931e+13
6.72505 4.86875e+13
6.73527 4.8682e+13
6.74549 4.86764e+13
6.75571 4.86708e+13
6.76593 4.86653e+13
6.77615 4.86597e+13
6.78637 4.86542e+13
6.79659 4.86486e+13
6.80681 4.8643e+13
6.81703 4.86375e+13
6.82725 4.86319e+13
6.83747 4.86264e+13
6.8477 4.86208e+13
6.85792 4.86153e+13
6.86814 4.86097e+13
6.87836 4.86042e+13
6.88858 4.85986e+13
6.8988 4.8593e+13
6.90902 4.85875e+13
6.91924 4.85819e+13
6.92946 4.85764e+13
6.93968 4.85708e+13
6.9499 4.85653e+13
6.96012 4.85597e+13
6.97034 4.85542e+13
6.98056 4.85486e+13
6.99078 4.85431e+13
7.001 4.85375e+13
7.01122 4.8532e+13
7.02144 4.85264e+13
7.03166 4.85209e+13
7.04188 4.85153e+13
7.0521 4.85098e+13
7.06232 4.85042e+13
7.07255 4.84987e+13
7.08277 4.84931e+13
7.09299 4.84876e+13
7.10321 4.84821e+13
7.11343 4.84765e+13
7.12365 4.8471e+13
7.13387 4.84654e+13
7.14409 4.84599e+13
7.15431 4.84543e+13
7.16453 4.84488e+13
7.17475 4.84432e+13
7.18497 4.84377e+13
7.19519 4.84322e+13
7.20541 4.84266e+13
7.21563 4.84211e+13
7.22585 4.84155e+13
7.23607 4.841e+13
7.24629 4.84045e+13
7.25651 4.83989e+13
7.26673 4.83934e+13
7.27695 4.83878e+13
7.28717 4.83823e+13
7.29739 4.83768e+13
7.30762 4.83712e+13
7.31784 4.83657e+13
7.32806 4.83601e+13
7.33828 4.83546e+13
7.3485 4.83491e+13
7.35872 4.83435e+13
7.36894 4.8338e+13
7.37916 4.83325e+13
7.38938 4.83269e+13
7.3996 4.83214e+13
7.40982 4.83159e+13
7.42004 4.83103e+13
7.43026 4.83048e+13
7.44048 4.82993e+13
7.4507 4.82937e+13
7.46092 4.82882e+13
7.47114 4.82827e+13
7.48136 4.82771e+13
7.49158 4.82716e+13
7.5018 4.82661e+13
7.51202 4.82605e+13
7.52224 4.8255e+13
7.53246 4.82495e+13
7.54269 4.8244e+13
7.55291 4.82384e+13
7.56313 4.82329e+13
7.57335 4.82274e+13
7.58357 4.82218e+13
7.59379 4.82163e+13
7.60401 4.82108e+13
7.61423 4.82053e+13
7.62445 4.81997e+13
7.63467 4.81942e+13
7.64489 4.81887e+13
7.65511 4.81832e+13
7.66533 4.81776e+13
7.67555 4.81721e+13
7.68577 4.81666e+13
7.69599 4.81611e+13
7.70621 4.81555e+13
7.71643 4.815e+13
7.72665 4.81445e+13
7.73687 4.8139e+13
7.74709 4.81335e+13
7.75731 4.81279e+13
7.76754 4.81224e+13
7.77776 4.81169e+13
7.78798 4.81114e+13
7.7982 4.81059e+13
7.80842 4.81003e+13
7.81864 4.80948e+13
7.82886 4.80893e+13
7.83908 4.80838e+13
7.8493 4.80783e+13
7.85952 4.80727e+13
7.86974 4.80672e+13
7.87996 4.80617e+13
7.89018 4.80562e+13
7.9004 4.80507e+13
7.91062 4.80452e+13
7.92084 4.80397e+13
7.93106 4.80341e+13
7.94128 4.80286e+13
7.9515 4.80231e+13
7.96172 4.80176e+13
7.97194 4.80121e+13
7.98216 4.80066e+13
7.99238 4.80011e+13
8.00261 4.79956e+13
8.01283 4.799e+13
8.02305 4.79845e+13
8.03327 4.7979e+13
8.04349 4.79735e+13
8.05371 4.7968e+13
8.06393 4.79625e+13
8.07415 4.7957e+13
8.08437 4.79515e+13
8.09459 4.7946e+13
8.10481 4.79405e+13
8.11503 4.7935e+13
8.12525 4.79295e+13
8.13547 4.79239e+13
8.14569 4.79184e+13
8.15591 4.79129e+13
8.16613 4.79074e+13
8.17635 4.79019e+13
8.18657 4.78964e+13
8.19679 4.78909e+13
8.20701 4.78854e+13
8.21723 4.78799e+13
8.22745 4.78744e+13
8.23768 4.78689e+13
8.2479 4.78634e+13
8.25812 4.78579e+13
8.26834 4.78524e+13
8.27856 4.78469e+13
8.28878 4.78414e+13
8.299 4.78359e+13
8.30922 4.78304e+13
8.31944 4.78249e+13
8.32966 4.78194e+13
8.33988 4.78139e+13
8.3501 4.78084e+13
8.36032 4.78029e+13
8.37054 4.77974e+13
8.38076 4.77919e+13
8.39098 4.77864e+13
8.4012 4.77809e+13
8.41142 4.77754e+13
8.42164 4.77699e+13
8.43186 4.77644e+13
8.44208 4.7759e+13
8.4523 4.77535e+13
8.46253 4.7748e+13
8.47275 4.77425e+13
8.48297 4.7737e+13
8.49319 4.77315e+13
8.50341 4.7726e+13
8.51363 4.77205e+13
8.52385 4.7715e+13
8.53407 4.77095e+13
8.54429 4.7704e+13
8.55451 4.76985e+13
8.56473 4.76931e+13
8.57495 4.76876e+13
8.58517 4.76821e+13
8.59539 4.76766e+13
8.60561 4.76711e+13
8.61583 4.76656e+13
8.62605 4.76601e+13
8.63627 4.76546e+13
8.64649 4.76492e+13
8.65671 4.76437e+13
8.66693 4.76382e+13
8.67715 4.76327e+13
8.68737 4.76272e+13
8.6976 4.76217e+13
8.70782 4.76162e+13
8.71804 4.76108e+13
8.72826 4.76053e+13
8.73848 4.75998e+13
8.7487 4.75943e+13
8.75892 4.75888e+13
8.76914 4.75833e+13
8.77936 4.75779e+13
8.78958 4.75724e+13
8.7998 4.75669e+13
8.81002 4.75614e+13
8.82024 4.75559e+13
8.83046 4.75505e+13
8.84068 4.7545e+13
8.8509 4.75395e+13
8.86112 4.7534e+13
8.87134 4.75286e+13
8.88156 4.75231e+13
8.89178 4.75176e+13
8.902 4.75121e+13
8.91222 4.75066e+13
8.92244 4.75012e+13
8.93267 4.74957e+13
8.94289 4.74902e+13
8.95311 4.74847e+13
8.96333 4.74793e+13
8.97355 4.74738e+13
8.98377 4.74683e+13
8.99399 4.74629e+13
9.00421 4.74574e+13
9.01443 4.74519e+13
9.02465 4.74464e+13
9.03487 4.7441e+13
9.04509 4.74355e+13
9.05531 4.743e+13
9.06553 4.74246e+13
9.07575 4.74191e+13
9.08597 4.74136e+13
9.09619 4.74081e+13
9.10641 4.74027e+13
9.11663 4.73972e+13
9.12685 4.73917e+13
9.13707 4.73863e+13
9.14729 4.73808e+13
9.15752 4.73753e+13
9.16774 4.73699e+13
9.17796 4.73644e+13
9.18818 4.73589e+13
9.1984 4.73535e+13
9.20862 4.7348e+13
9.21884 4.73425e+13
9.22906 4.73371e+13
9.23928 4.73316e+13
9.2495 4.73262e+13
9.25972 4.73207e+13
9.26994 4.73152e+13
9.28016 4.73098e+13
9.29038 4.73043e+13
9.3006 4.72988e+13
9.31082 4.72934e+13
9.32104 4.72879e+13
9.33126 4.72825e+13
9.34148 4.7277e+13
9.3517 4.72716e+13
9.36192 4.72661e+13
9.37214 4.72606e+13
9.38236 4.72552e+13
9.39259 4.72497e+13
9.40281 4.72443e+13
9.41303 4.72388e+13
9.42325 4.72333e+13
9.43347 4.72279e+13
9.44369 4.72224e+13
9.45391 4.7217e+13
9.46413 4.72115e+13
9.47435 4.72061e+13
9.48457 4.72006e+13
9.49479 4.71952e+13
9.50501 4.71897e+13
9.51523 4.71843e+13
9.52545 4.71788e+13
9.53567 4.71734e+13
9.54589 4.71679e+13
9.55611 4.71625e+13
9.56633 4.7157e+13
9.57655 4.71515e+13
9.58677 4.71461e+13
9.59699 4.71407e+13
9.60721 4.71352e+13
9.61743 4.71298e+13
9.62766 4.71243e+13
9.63788 4.71189e+13
9.6481 4.71134e+13
9.65832 4.7108e+13
9.66854 4.71025e+13
9.67876 4.70971e+13
9.68898 4.70916e+13
9.6992 4.70862e+13
9.70942 4.70807e+13
9.71964 4.70753e+13
9.72986 4.70698e+13
9.74008 4.70644e+13
9.7503 4.7059e+13
9.76052 4.70535e+13
9.77074 4.70481e+13
9.78096 4.70426e+13
9.79118 4.70372e+13
9.8014 4.70317e+13
9.81162 4.70263e+13
9.82184 4.70209e+13
9.83206 4.70154e+13
9.84228 4.701e+13
9.85251 4.70045e+13
9.86273 4.69991e+13
9.87295 4.69937e+13
9.88317 4.69882e+13
9.89339 4.69828e+13
9.90361 4.69773e+13
9.91383 4.69719e+13
9.92405 4.69665e+13
9.93427 4.6961e+13
9.94449 4.69556e+13
9.95471 4.69502e+13
9.96493 4.69447e+13
9.97515 4.69393e+13
9.98537 4.69339e+13
9.99559 4.69284e+13
10.0058 4.6923e+13
10.016 4.69176e+13
10.0263 4.69121e+13
10.0365 4.69067e+13
10.0467 4.69013e+13
10.0569 4.68958e+13
10.0671 4.68904e+13
10.0774 4.6885e+13
10.0876 4.68795e+13
10.0978 4.68741e+13
10.108 4.68687e+13
10.1182 4.68632e+13
10.1285 4.68578e+13
10.1387 4.68524e+13
10.1489 4.6847e+13
10.1591 4.68415e+13
10.1693 4.68361e+13
10.1796 4.68307e+13
10.1898 4.68252e+13
10.2 4.68198e+13
