25 1.94027e+08
27.7778 9.96728e+06
30.5556 -8.3852e+07
33.3333 -1.14772e+08
36.1111 -1.04624e+08
38.8889 -6.96454e+07
41.6667 -2.16555e+07
44.4444 3.05295e+07
47.2222 8.0759e+07
50 1.25473e+08
52.7778 1.63003e+08
55.5556 1.9204e+08
58.3333 2.11617e+08
61.1111 2.20698e+08
63.8889 2.18247e+08
66.6667 2.03227e+08
69.4444 1.74602e+08
72.2222 1.31335e+08
75 7.23892e+07
77.7778 -3.27152e+06
80.5556 -9.66838e+07
83.3333 -2.08884e+08
86.1111 -3.40909e+08
88.8889 -4.93795e+08
91.6667 -6.68579e+08
94.4444 -8.66297e+08
97.2222 -1.08799e+09
100 -1.33468e+09
102.778 -1.60742e+09
105.556 -1.90724e+09
108.333 -2.23518e+09
111.111 -2.59227e+09
113.889 -2.97955e+09
116.667 -3.39806e+09
119.444 -3.84882e+09
122.222 -4.33289e+09
125 -4.8513e+09
127.778 -5.40508e+09
130.556 -5.99526e+09
133.333 -6.6229e+09
136.111 -7.28901e+09
138.889 -7.99464e+09
141.667 -8.74083e+09
144.444 -9.52861e+09
147.222 -1.0359e+10
150 -1.12331e+10
152.778 -1.21519e+10
155.556 -1.31164e+10
158.333 -1.41277e+10
161.111 -1.51868e+10
163.889 -1.62947e+10
166.667 -1.74525e+10
169.444 -1.86613e+10
172.222 -1.9922e+10
175 -2.12357e+10
177.778 -2.26034e+10
180.556 -2.40262e+10
183.333 -2.55051e+10
186.111 -2.70412e+10
188.889 -2.86354e+10
191.667 -3.02888e+10
194.444 -3.20025e+10
197.222 -3.37775e+10
200 -3.56147e+10
202.778 -3.75154e+10
205.556 -3.94804e+10
208.333 -4.15109e+10
211.111 -4.36079e+10
213.889 -4.57723e+10
216.667 -4.80053e+10
219.444 -5.03079e+10
222.222 -5.2681e+10
225 -5.51259e+10
227.778 -5.76434e+10
230.556 -6.02346e+10
233.333 -6.29006e+10
236.111 -6.56424e+10
238.889 -6.84611e+10
241.667 -7.13576e+10
244.444 -7.4333e+10
247.222 -7.73884e+10
250 -8.05247e+10
252.778 -8.3743e+10
255.556 -8.70445e+10
258.333 -9.04299e+10
261.111 -9.39006e+10
263.889 -9.74574e+10
266.667 -1.01101e+11
269.444 -1.04834e+11
272.222 -1.08655e+11
275 -1.12567e+11
277.778 -1.1657e+11
280.556 -1.20666e+11
283.333 -1.24854e+11
286.111 -1.29138e+11
288.889 -1.33517e+11
291.667 -1.37992e+11
294.444 -1.42565e+11
297.222 -1.47237e+11
300 -1.52008e+11
