5 6904.79
5.00334 6898.11
5.00669 6892.37
5.01003 6887.55
5.01338 6883.65
5.01672 6880.65
5.02007 6878.55
5.02341 6877.32
5.02676 6876.95
5.0301 6877.44
5.03344 6878.77
5.03679 6880.83
5.04013 6883.77
5.04348 6887.49
5.04682 6892
5.05017 6897.26
5.05351 6903.28
5.05686 6910.04
5.0602 6917.52
5.06355 6925.71
5.06689 6934.59
5.07023 6944.11
5.07358 6954.32
5.07692 6965.19
5.08027 6976.69
5.08361 6988.8
5.08696 7001.53
5.0903 7014.84
5.09365 7028.73
5.09699 7043.18
5.10033 7058.18
5.10368 7073.71
5.10702 7089.76
5.11037 7106.32
5.11371 7123.36
5.11706 7140.88
5.1204 7158.86
5.12375 7177.29
5.12709 7196.14
5.13043 7215.42
5.13378 7235.1
5.13712 7255.17
5.14047 7275.64
5.14381 7296.45
5.14716 7317.62
5.1505 7339.12
5.15385 7360.94
5.15719 7383.08
5.16054 7405.5
5.16388 7428.21
5.16722 7451.18
5.17057 7474.41
5.17391 7497.94
5.17726 7521.65
5.1806 7545.59
5.18395 7569.74
5.18729 7594.08
5.19064 7618.6
5.19398 7643.29
5.19732 7668.14
5.20067 7693.14
5.20401 7718.26
5.20736 7743.58
5.2107 7768.96
5.21405 7794.45
5.21739 7820.03
5.22074 7845.7
5.22408 7871.44
5.22742 7897.23
5.23077 7923.08
5.23411 7948.97
5.23746 7974.88
5.2408 8000.81
5.24415 8026.87
5.24749 8052.86
5.25084 8078.84
5.25418 8104.81
5.25753 8130.76
5.26087 8156.69
5.26421 8182.57
5.26756 8208.41
5.2709 8234.2
5.27425 8259.92
5.27759 8285.7
5.28094 8311.32
5.28428 8336.87
5.28763 8362.34
5.29097 8387.71
5.29431 8413
5.29766 8438.18
5.301 8463.26
5.30435 8488.22
5.30769 8513.06
5.31104 8537.89
5.31438 8562.52
5.31773 8587.03
5.32107 8611.41
5.32441 8635.66
5.32776 8659.77
5.3311 8683.74
5.33445 8707.56
5.33779 8731.24
5.34114 8754.76
5.34448 8778.12
5.34783 8801.33
5.35117 8824.37
5.35452 8847.24
5.35786 8869.94
5.3612 8892.46
5.36455 8914.8
5.36789 8936.95
5.37124 8958.91
5.37458 8980.69
5.37793 9002.26
5.38127 9023.63
5.38462 9044.8
5.38796 9065.75
5.3913 9086.5
5.39465 9107.02
5.39799 9127.33
5.40134 9147.4
5.40468 9167.25
5.40803 9186.87
5.41137 9206.24
5.41472 9225.38
5.41806 9244.27
5.4214 9262.91
5.42475 9281.29
5.42809 9299.42
5.43144 9317.28
5.43478 9334.88
5.43813 9352.21
5.44147 9369.26
5.44482 9386.03
5.44816 9402.53
5.45151 9418.73
5.45485 9434.65
5.45819 9450.27
5.46154 9465.59
5.46488 9480.61
5.46823 9495.32
5.47157 9509.73
5.47492 9523.81
5.47826 9537.58
5.48161 9551.03
5.48495 9564.14
5.48829 9576.93
5.49164 9589.38
5.49498 9601.5
5.49833 9613.27
5.50167 9624.69
5.50502 9635.76
5.50836 9646.48
5.51171 9656.84
5.51505 9666.83
5.51839 9676.46
5.52174 9685.71
5.52508 9694.59
5.52843 9703.09
5.53177 9711.21
5.53512 9718.93
5.53846 9726.27
5.54181 9733.21
5.54515 9739.75
5.54849 9745.89
5.55184 9751.62
5.55518 9756.94
5.55853 9761.84
5.56187 9766.32
5.56522 9770.38
5.56856 9774.01
5.57191 9777.2
5.57525 9779.96
5.5786 9782.28
5.58194 9784.16
5.58528 9785.59
5.58863 9786.56
5.59197 9787.08
5.59532 9787.14
5.59866 9786.73
5.60201 9785.86
5.60535 9784.51
5.6087 9782.68
5.61204 9780.38
5.61538 9777.59
5.61873 9774.31
5.62207 9770.54
5.62542 9766.27
5.62876 9761.5
5.63211 9756.22
5.63545 9750.44
5.6388 9744.14
5.64214 9737.33
5.64548 9729.99
5.64883 9722.13
5.65217 9713.74
5.65552 9704.82
5.65886 9695.36
5.66221 9685.35
5.66555 9674.8
5.6689 9663.71
5.67224 9652.05
5.67559 9639.85
5.67893 9627.07
5.68227 9613.74
5.68562 9599.83
5.68896 9585.35
5.69231 9570.29
5.69565 9554.65
5.699 9538.43
5.70234 9521.61
5.70569 9504.2
5.70903 9486.19
5.71237 9467.58
5.71572 9448.36
5.71906 9428.54
5.72241 9408.09
5.72575 9387.03
5.7291 9365.35
5.73244 9343.04
5.73579 9320.1
5.73913 9296.53
5.74247 9272.32
5.74582 9247.46
5.74916 9221.96
5.75251 9195.81
5.75585 9169
5.7592 9141.53
5.76254 9113.4
5.76589 9084.61
5.76923 9055.14
5.77258 9024.99
5.77592 8994.17
5.77926 8962.67
5.78261 8930.48
5.78595 8897.59
5.7893 8864.01
5.79264 8829.74
5.79599 8794.75
5.79933 8759.07
5.80268 8722.67
5.80602 8685.55
5.80936 8647.71
5.81271 8609.15
5.81605 8569.87
5.8194 8529.85
5.82274 8489.09
5.82609 8447.6
5.82943 8405.36
5.83278 8362.38
5.83612 8318.64
5.83946 8274.14
5.84281 8228.89
5.84615 8182.87
5.8495 8136.09
5.85284 8088.53
5.85619 8040.19
5.85953 7991.08
5.86288 7941.18
5.86622 7890.49
5.86957 7839.01
5.87291 7786.73
5.87625 7733.66
5.8796 7679.77
5.88294 7625.08
5.88629 7569.58
5.88963 7513.26
5.89298 7456.12
5.89632 7398.15
5.89967 7339.36
5.90301 7279.73
5.90635 7219.27
5.9097 7157.96
5.91304 7095.81
5.91639 7032.81
5.91973 6968.96
5.92308 6904.25
5.92642 6838.68
5.92977 6772.24
5.93311 6704.93
5.93645 6636.76
5.9398 6567.7
5.94314 6497.76
5.94649 6426.94
5.94983 6355.22
5.95318 6282.62
5.95652 6209.11
5.95987 6134.7
5.96321 6059.39
5.96656 5983.17
5.9699 5906.03
5.97324 5827.98
5.97659 5749
5.97993 5669.1
5.98328 5588.27
5.98662 5506.5
5.98997 5423.8
5.99331 5340.15
5.99666 5255.56
6 5170.02
