100 -2.1599e+12
108.18 -2.1066e+12
116.361 -2.04944e+12
124.541 -1.98835e+12
132.721 -1.92327e+12
140.902 -1.85412e+12
149.082 -1.78081e+12
157.262 -1.70329e+12
165.442 -1.62148e+12
173.623 -1.5353e+12
181.803 -1.44468e+12
189.983 -1.34956e+12
198.164 -1.24984e+12
206.344 -1.14547e+12
214.524 -1.03636e+12
222.705 -9.22454e+11
230.885 -8.03666e+11
239.065 -6.79927e+11
247.245 -5.51164e+11
255.426 -4.17303e+11
263.606 -2.78271e+11
271.786 -1.33995e+11
279.967 1.55991e+10
288.147 1.70583e+11
296.327 3.31031e+11
304.508 4.97017e+11
312.688 6.68612e+11
320.868 8.45891e+11
329.048 1.02893e+12
337.229 1.21779e+12
345.409 1.41256e+12
353.589 1.61331e+12
361.77 1.8201e+12
369.95 2.03302e+12
378.13 2.25213e+12
386.311 2.47752e+12
394.491 2.70924e+12
402.671 2.94738e+12
410.851 3.19201e+12
419.032 3.44321e+12
427.212 3.70103e+12
435.392 3.96557e+12
443.573 4.23689e+12
451.753 4.51506e+12
459.933 4.80016e+12
468.114 5.09226e+12
476.294 5.39144e+12
484.474 5.69777e+12
492.654 6.01131e+12
500.835 6.33216e+12
509.015 6.66036e+12
517.195 6.99601e+12
525.376 7.33918e+12
533.556 7.68993e+12
541.736 8.04834e+12
549.917 8.41448e+12
558.097 8.78844e+12
566.277 9.17027e+12
574.457 9.56005e+12
582.638 9.95786e+12
590.818 1.03638e+13
598.998 1.07779e+13
607.179 1.12002e+13
615.359 1.16308e+13
623.539 1.20699e+13
631.72 1.25174e+13
639.9 1.29734e+13
648.08 3.73438e+12
656.26 3.76687e+12
664.441 3.79542e+12
672.621 3.82022e+12
680.801 3.84147e+12
688.982 3.85938e+12
697.162 3.87414e+12
705.342 3.88594e+12
713.523 3.895e+12
721.703 3.90151e+12
729.883 3.90566e+12
738.063 3.90765e+12
746.244 3.90769e+12
754.424 3.90598e+12
762.604 3.9027e+12
770.785 3.89807e+12
778.965 3.89227e+12
787.145 3.88552e+12
795.326 3.878e+12
803.506 3.86991e+12
811.686 3.86146e+12
819.866 3.85285e+12
828.047 3.84426e+12
836.227 3.83591e+12
844.407 3.82798e+12
852.588 3.82069e+12
860.768 3.81422e+12
868.948 3.80878e+12
877.129 3.80456e+12
885.309 3.80176e+12
893.489 3.80059e+12
901.669 3.80124e+12
909.85 3.80391e+12
918.03 3.8088e+12
926.21 3.8161e+12
934.391 3.82603e+12
942.571 3.83876e+12
950.751 3.85451e+12
958.932 3.87348e+12
967.112 3.89585e+12
975.292 3.92184e+12
983.472 3.95163e+12
991.653 3.98544e+12
999.833 4.02344e+12
1008.01 4.06586e+12
1016.19 4.11288e+12
1024.37 4.1647e+12
1032.55 4.22152e+12
1040.73 4.28355e+12
1048.91 4.35097e+12
1057.1 4.42399e+12
1065.28 4.50281e+12
1073.46 4.58763e+12
1081.64 4.67864e+12
1089.82 4.77604e+12
1098 4.88003e+12
1106.18 4.99082e+12
1114.36 5.1086e+12
1122.54 5.23356e+12
1130.72 5.36591e+12
1138.9 5.50585e+12
1147.08 5.65357e+12
1155.26 5.80928e+12
1163.44 5.97317e+12
1171.62 6.14544e+12
1179.8 6.32629e+12
1187.98 6.51592e+12
1196.16 1.7343e+13
1204.34 1.80313e+13
1212.52 1.87444e+13
1220.7 1.94835e+13
1228.88 2.02497e+13
1237.06 2.10439e+13
1245.24 2.18674e+13
1253.42 2.27211e+13
1261.6 2.36063e+13
1269.78 2.45238e+13
1277.96 2.54749e+13
1286.14 2.64607e+13
1294.32 2.74821e+13
1302.5 2.85402e+13
1310.68 2.96363e+13
1318.86 3.07712e+13
1327.05 3.19462e+13
1335.23 3.31623e+13
1343.41 3.44206e+13
1351.59 3.57221e+13
1359.77 3.7068e+13
1367.95 3.84593e+13
1376.13 3.98972e+13
1384.31 4.13826e+13
1392.49 4.29167e+13
1400.67 4.45005e+13
1408.85 4.61352e+13
1417.03 4.78218e+13
1425.21 4.95613e+13
1433.39 5.1355e+13
1441.57 5.32038e+13
1449.75 5.51089e+13
1457.93 5.70713e+13
1466.11 5.90921e+13
1474.29 6.11724e+13
1482.47 6.33133e+13
1490.65 6.55158e+13
1498.83 6.7781e+13
1507.01 7.01101e+13
1515.19 7.2504e+13
1523.37 7.49639e+13
1531.55 7.74909e+13
1539.73 8.00861e+13
1547.91 8.27504e+13
1556.09 8.54851e+13
1564.27 8.82911e+13
1572.45 9.11696e+13
1580.63 9.41216e+13
1588.81 9.71483e+13
1596.99 1.00251e+14
1605.18 1.0343e+14
1613.36 1.06687e+14
1621.54 1.10023e+14
1629.72 1.13439e+14
1637.9 1.16936e+14
1646.08 1.20516e+14
1654.26 1.24178e+14
1662.44 1.27925e+14
1670.62 1.31758e+14
1678.8 1.35677e+14
1686.98 1.39683e+14
1695.16 1.43779e+14
1703.34 1.47964e+14
1711.52 1.5224e+14
1719.7 1.56607e+14
1727.88 1.61068e+14
1736.06 9.63717e+13
1744.24 9.78692e+13
1752.42 9.93688e+13
1760.6 1.0087e+14
1768.78 1.02373e+14
1776.96 1.03876e+14
1785.14 1.05381e+14
1793.32 1.06886e+14
1801.5 1.08391e+14
1809.68 1.09896e+14
1817.86 1.114e+14
1826.04 1.12904e+14
1834.22 1.14407e+14
1842.4 1.15908e+14
1850.58 1.17407e+14
1858.76 1.18905e+14
1866.94 1.204e+14
1875.13 1.21893e+14
1883.31 1.23383e+14
1891.49 1.2487e+14
1899.67 1.26353e+14
1907.85 1.27832e+14
1916.03 1.29307e+14
1924.21 1.30778e+14
1932.39 1.32244e+14
1940.57 1.33705e+14
1948.75 1.3516e+14
1956.93 1.3661e+14
1965.11 1.38054e+14
1973.29 1.39492e+14
1981.47 1.40923e+14
1989.65 1.42347e+14
1997.83 1.43764e+14
2006.01 1.45173e+14
2014.19 1.46575e+14
2022.37 1.47968e+14
2030.55 1.49353e+14
2038.73 1.5073e+14
2046.91 1.52097e+14
2055.09 1.53455e+14
2063.27 1.54803e+14
2071.45 1.56141e+14
2079.63 1.5747e+14
2087.81 1.58787e+14
2095.99 1.60094e+14
2104.17 1.61389e+14
2112.35 1.62673e+14
2120.53 1.63945e+14
2128.71 1.65205e+14
2136.89 1.66452e+14
2145.08 1.67687e+14
2153.26 1.68909e+14
2161.44 1.70118e+14
2169.62 1.71312e+14
2177.8 1.72493e+14
2185.98 1.7366e+14
2194.16 1.74812e+14
2202.34 1.75949e+14
2210.52 1.77071e+14
2218.7 1.78178e+14
2226.88 1.79268e+14
2235.06 1.80343e+14
2243.24 1.81401e+14
2251.42 1.82442e+14
2259.6 1.83467e+14
2267.78 1.84474e+14
2275.96 1.85464e+14
2284.14 2.63318e+14
2292.32 2.67751e+14
2300.5 2.72275e+14
2308.68 2.76896e+14
2316.86 2.81617e+14
2325.04 2.86443e+14
2333.22 2.91381e+14
2341.4 2.96433e+14
2349.58 3.01606e+14
2357.76 3.06904e+14
2365.94 3.12332e+14
2374.12 3.17894e+14
2382.3 3.23596e+14
2390.48 3.29443e+14
2398.66 3.35438e+14
2406.84 3.41588e+14
2415.03 3.47896e+14
2423.21 3.54369e+14
2431.39 3.6101e+14
2439.57 3.67824e+14
2447.75 3.74817e+14
2455.93 3.81993e+14
2464.11 3.89356e+14
2472.29 3.96913e+14
2480.47 4.04667e+14
2488.65 4.12624e+14
2496.83 4.20788e+14
2505.01 4.29164e+14
2513.19 4.37757e+14
2521.37 4.46572e+14
2529.55 4.55613e+14
2537.73 4.64886e+14
2545.91 4.74396e+14
2554.09 4.84146e+14
2562.27 4.94143e+14
2570.45 5.0439e+14
2578.63 5.14894e+14
2586.81 5.25657e+14
2594.99 5.36686e+14
2603.17 5.47986e+14
2611.35 5.5956e+14
2619.53 5.71414e+14
2627.71 5.83553e+14
2635.89 5.95982e+14
2644.07 6.08705e+14
2652.25 6.21727e+14
2660.43 6.35054e+14
2668.61 6.48689e+14
2676.79 6.62638e+14
2684.97 6.76906e+14
2693.16 6.91497e+14
2701.34 7.06416e+14
2709.52 7.21669e+14
2717.7 7.37259e+14
2725.88 7.53192e+14
2734.06 7.69473e+14
2742.24 7.86107e+14
2750.42 8.03097e+14
2758.6 8.2045e+14
2766.78 8.3817e+14
2774.96 8.56262e+14
2783.14 8.74731e+14
2791.32 8.9358e+14
2799.5 9.12817e+14
2807.68 9.32444e+14
2815.86 9.52468e+14
2824.04 6.59619e+14
2832.22 6.66166e+14
2840.4 6.72706e+14
2848.58 6.79247e+14
2856.76 6.85795e+14
2864.94 6.92357e+14
2873.12 6.98941e+14
2881.3 7.05554e+14
2889.48 7.12202e+14
2897.66 7.18894e+14
2905.84 7.25635e+14
2914.02 7.32433e+14
2922.2 7.39296e+14
2930.38 7.4623e+14
2938.56 7.53242e+14
2946.74 7.60339e+14
2954.92 7.67529e+14
2963.11 7.74819e+14
2971.29 7.82215e+14
2979.47 7.89725e+14
2987.65 7.97357e+14
2995.83 8.05116e+14
3004.01 8.1301e+14
3012.19 8.21046e+14
3020.37 8.29232e+14
3028.55 8.37574e+14
3036.73 8.4608e+14
3044.91 8.54756e+14
3053.09 8.63609e+14
3061.27 8.72648e+14
3069.45 8.81878e+14
3077.63 8.91307e+14
3085.81 9.00943e+14
3093.99 9.10791e+14
3102.17 9.2086e+14
3110.35 9.31156e+14
3118.53 9.41686e+14
3126.71 9.52458e+14
3134.89 9.63479e+14
3143.07 9.74755e+14
3151.25 9.86294e+14
3159.43 9.98103e+14
3167.61 1.01019e+15
3175.79 1.02256e+15
3183.97 1.03522e+15
3192.15 1.04818e+15
3200.33 1.06144e+15
3208.51 1.07502e+15
3216.69 1.08892e+15
3224.87 1.10314e+15
3233.06 1.1177e+15
3241.24 1.1326e+15
3249.42 1.14784e+15
3257.6 1.16344e+15
3265.78 1.17941e+15
3273.96 1.19574e+15
3282.14 1.21245e+15
3290.32 1.22954e+15
3298.5 1.24702e+15
3306.68 1.2649e+15
3314.86 1.28319e+15
3323.04 1.30188e+15
3331.22 1.321e+15
3339.4 1.34054e+15
3347.58 1.36052e+15
3355.76 1.38093e+15
3363.94 1.40179e+15
3372.12 1.25636e+15
3380.3 1.27059e+15
3388.48 1.28506e+15
3396.66 1.29977e+15
3404.84 1.31474e+15
3413.02 1.32996e+15
3421.2 1.34545e+15
3429.38 1.36119e+15
3437.56 1.3772e+15
3445.74 1.39348e+15
3453.92 1.41004e+15
3462.1 1.42688e+15
3470.28 1.44399e+15
3478.46 1.46139e+15
3486.64 1.47908e+15
3494.82 1.49707e+15
3503.01 1.51535e+15
3511.19 1.53393e+15
3519.37 1.55282e+15
3527.55 1.57202e+15
3535.73 1.59152e+15
3543.91 1.61135e+15
3552.09 1.63149e+15
3560.27 1.65196e+15
3568.45 1.67275e+15
3576.63 1.69388e+15
3584.81 1.71534e+15
3592.99 1.73714e+15
3601.17 1.75928e+15
3609.35 1.78177e+15
3617.53 1.80461e+15
3625.71 1.82781e+15
3633.89 1.85136e+15
3642.07 1.87527e+15
3650.25 1.89955e+15
3658.43 1.9242e+15
3666.61 1.94922e+15
3674.79 1.97462e+15
3682.97 2.0004e+15
3691.15 2.02656e+15
3699.33 2.05311e+15
3707.51 2.08005e+15
3715.69 2.10739e+15
3723.87 2.13513e+15
3732.05 2.16327e+15
3740.23 2.19182e+15
3748.41 2.22078e+15
3756.59 2.25016e+15
3764.77 2.27995e+15
3772.95 2.31017e+15
3781.14 2.34081e+15
3789.32 2.37189e+15
3797.5 2.40339e+15
3805.68 2.43534e+15
3813.86 2.46772e+15
3822.04 2.50056e+15
3830.22 2.53384e+15
3838.4 2.56757e+15
3846.58 2.60176e+15
3854.76 2.63641e+15
3862.94 2.67153e+15
3871.12 2.70711e+15
3879.3 2.74316e+15
3887.48 2.7797e+15
3895.66 2.81671e+15
3903.84 2.8542e+15
3912.02 2.40998e+15
3920.2 2.42643e+15
3928.38 2.44275e+15
3936.56 2.45894e+15
3944.74 2.47504e+15
3952.92 2.49106e+15
3961.1 2.50702e+15
3969.28 2.52295e+15
3977.46 2.53885e+15
3985.64 2.55476e+15
3993.82 2.57068e+15
4002 2.58665e+15
4010.18 2.60268e+15
4018.36 2.61878e+15
4026.54 2.63499e+15
4034.72 2.65132e+15
4042.9 2.66778e+15
4051.09 2.68441e+15
4059.27 2.70121e+15
4067.45 2.71822e+15
4075.63 2.73544e+15
4083.81 2.7529e+15
4091.99 2.77061e+15
4100.17 2.78861e+15
4108.35 2.8069e+15
4116.53 2.82551e+15
4124.71 2.84446e+15
4132.89 2.86377e+15
4141.07 2.88345e+15
4149.25 2.90352e+15
4157.43 2.92402e+15
4165.61 2.94495e+15
4173.79 2.96633e+15
4181.97 2.98819e+15
4190.15 3.01055e+15
4198.33 3.03342e+15
4206.51 3.05683e+15
4214.69 3.08079e+15
4222.87 3.10532e+15
4231.05 3.13045e+15
4239.23 3.15619e+15
4247.41 3.18257e+15
4255.59 3.2096e+15
4263.77 3.23731e+15
4271.95 3.2657e+15
4280.13 3.29481e+15
4288.31 3.32465e+15
4296.49 3.35525e+15
4304.67 3.38661e+15
4312.85 3.41877e+15
4321.04 3.45174e+15
4329.22 3.48554e+15
4337.4 3.5202e+15
4345.58 3.55572e+15
4353.76 3.59213e+15
4361.94 3.62946e+15
4370.12 3.66771e+15
4378.3 3.70692e+15
4386.48 3.74709e+15
4394.66 3.78826e+15
4402.84 3.83043e+15
4411.02 3.87364e+15
4419.2 3.91789e+15
4427.38 3.96321e+15
4435.56 4.00962e+15
4443.74 4.05714e+15
4451.92 4.10578e+15
4460.1 3.8894e+15
4468.28 3.92829e+15
4476.46 3.968e+15
4484.64 4.00855e+15
4492.82 4.04996e+15
4501 4.09224e+15
4509.18 4.13541e+15
4517.36 4.17948e+15
4525.54 4.22446e+15
4533.72 4.27037e+15
4541.9 4.31722e+15
4550.08 4.36503e+15
4558.26 4.41381e+15
4566.44 4.46358e+15
4574.62 4.51435e+15
4582.8 4.56614e+15
4590.98 4.61896e+15
4599.17 4.67282e+15
4607.35 4.72774e+15
4615.53 4.78374e+15
4623.71 4.84082e+15
4631.89 4.89901e+15
4640.07 4.95831e+15
4648.25 5.01875e+15
4656.43 5.08033e+15
4664.61 5.14307e+15
4672.79 5.20699e+15
4680.97 5.2721e+15
4689.15 5.33841e+15
4697.33 5.40594e+15
4705.51 5.4747e+15
4713.69 5.54471e+15
4721.87 5.61599e+15
4730.05 5.68854e+15
4738.23 5.76238e+15
4746.41 5.83753e+15
4754.59 5.91399e+15
4762.77 5.99179e+15
4770.95 6.07094e+15
4779.13 6.15146e+15
4787.31 6.23335e+15
4795.49 6.31663e+15
4803.67 6.40132e+15
4811.85 6.48744e+15
4820.03 6.57499e+15
4828.21 6.66399e+15
4836.39 6.75445e+15
4844.57 6.84639e+15
4852.75 6.93983e+15
4860.93 7.03478e+15
4869.12 7.13125e+15
4877.3 7.22926e+15
4885.48 7.32881e+15
4893.66 7.42994e+15
4901.84 7.53265e+15
4910.02 7.63695e+15
4918.2 7.74286e+15
4926.38 7.85039e+15
4934.56 7.95957e+15
4942.74 8.0704e+15
4950.92 8.18289e+15
4959.1 8.29707e+15
4967.28 8.41294e+15
4975.46 8.53053e+15
4983.64 8.64984e+15
4991.82 8.77089e+15
5000 8.8937e+15
